0 0.426571 0.818090 0.428947 0.782443 0.431324 0.724517 0.431324 0.664809 0.433700 0.587278 0.438453 0.494597 0.438453 0.432215 0.436077 0.395677 0.433700 0.334187 0.430136 0.285173 0.428947 0.258438 0.443207 0.260220 0.443207 0.286064 0.444394 0.329731 0.447959 0.382310 0.450336 0.460733 0.451931 0.511131 0.449523 0.553876 0.447114 0.594815 0.445509 0.660437 0.444706 0.712815 0.441495 0.806131 0.437482 0.824794 0.427849 0.822386
0 0.438285 0.824192 0.455944 0.819375 0.475210 0.813957 0.486448 0.804927 0.492067 0.788070 0.486448 0.777835 0.472802 0.769406 0.460760 0.761580 0.442298 0.754957 0.442298 0.764590 0.449523 0.764590 0.460760 0.773019 0.471999 0.780243 0.477618 0.792284 0.472802 0.804927 0.464774 0.810947 0.444706 0.815161 0.437482 0.815763
0 0.440693 0.813355 0.454339 0.805528 0.461564 0.795896 0.459156 0.786264 0.450325 0.779039 0.443101 0.774825 0.441495 0.783855 0.448720 0.789875 0.450325 0.797702 0.439087 0.803722
0 0.443101 0.757365 0.454339 0.754356 0.469591 0.748937 0.483237 0.741712 0.492869 0.730273 0.496081 0.717631 0.491264 0.703784 0.479223 0.695356 0.464774 0.688733 0.447114 0.682110 0.444706 0.689937 0.452733 0.691743 0.468788 0.700172 0.480026 0.708600 0.482435 0.717631 0.480829 0.728467 0.471999 0.739304 0.459156 0.745325 0.449523 0.749539 0.442298 0.748937
0 0.440693 0.744120 0.454339 0.740509 0.467985 0.733284 0.474407 0.724253 0.473604 0.714620 0.464774 0.705590 0.455142 0.698365 0.443904 0.693549 0.443101 0.703182 0.449523 0.705590 0.457550 0.714019 0.461564 0.721845 0.459156 0.728467 0.451931 0.733886 0.441495 0.736294
0 0.442177 0.688007 0.461209 0.680870 0.477069 0.677064 0.489757 0.668024 0.499273 0.658032 0.502445 0.645185 0.498004 0.630436 0.487220 0.620920 0.471994 0.611880 0.457402 0.606170 0.445349 0.603791 0.445349 0.610928 0.451693 0.610928 0.462478 0.616162 0.474532 0.622823 0.482779 0.629960 0.487854 0.638048 0.489123 0.648040 0.485316 0.658508 0.476435 0.667548 0.467553 0.673257 0.456134 0.677540 0.443446 0.681346
0 0.442177 0.677540 0.454865 0.670878 0.466919 0.665169 0.472629 0.656604 0.471994 0.647088 0.465016 0.637573 0.454865 0.629008 0.442812 0.626629 0.443446 0.634242 0.452328 0.636145 0.457402 0.642331 0.459306 0.651371 0.456134 0.659935 0.449156 0.667072 0.440909 0.667548
0 0.445349 0.610928 0.464381 0.604267 0.485316 0.596654 0.500542 0.589993 0.510058 0.579525 0.510692 0.565251 0.506252 0.554783 0.494198 0.545267 0.481510 0.538130 0.466285 0.533372 0.449790 0.525759 0.447886 0.534799 0.455500 0.537178 0.468188 0.540509 0.476435 0.545743 0.486585 0.552880 0.493564 0.560969 0.495467 0.569057 0.491660 0.579049 0.485316 0.587614 0.477069 0.593799 0.459306 0.599033 0.445349 0.602839
0 0.442812 0.600936 0.457402 0.594751 0.471994 0.588565 0.478972 0.579525 0.478972 0.567630 0.473897 0.558590 0.464381 0.552404 0.449790 0.547170 0.449156 0.555735 0.456134 0.558590 0.462478 0.563823 0.466285 0.571436 0.461844 0.580001 0.456134 0.588565 0.443446 0.593323
0 0.447886 0.521953 0.458672 0.518147 0.477704 0.511485 0.492929 0.505776 0.504348 0.497687 0.509424 0.487220 0.508155 0.474849 0.504348 0.463906 0.494198 0.453914 0.482779 0.446301 0.467553 0.439164 0.450425 0.432502 0.449790 0.441543 0.455500 0.442019 0.467553 0.449156 0.480241 0.458672 0.489123 0.470091 0.491660 0.482938 0.489123 0.494833 0.478338 0.502921 0.466285 0.508631 0.448521 0.513864
0 0.448521 0.507679 0.462478 0.501018 0.475801 0.492929 0.480876 0.481510 0.477704 0.473422 0.470725 0.466285 0.462478 0.458672 0.451058 0.454865 0.448521 0.463430 0.454865 0.466760 0.461844 0.474373 0.463113 0.482938 0.460574 0.492454 0.451058 0.498639
0 0.449156 0.433930 0.466285 0.430123 0.485951 0.422986 0.501176 0.416325 0.506252 0.403954 0.508155 0.391584 0.503080 0.379213 0.492929 0.370173 0.477704 0.362084 0.463113 0.356375 0.444714 0.348762 0.444081 0.360181 0.452962 0.360181 0.466285 0.366366 0.482144 0.378261 0.490392 0.390156 0.490392 0.402051 0.485316 0.413946 0.472629 0.421559 0.459941 0.426793 0.447886 0.429172
0 0.446618 0.422035 0.459941 0.419180 0.472629 0.414422 0.481510 0.406333 0.483413 0.396342 0.478972 0.387301 0.468822 0.378261 0.458037 0.372552 0.445984 0.370649 0.448521 0.377310 0.455500 0.379689 0.461844 0.385874 0.466285 0.393963 0.465650 0.399672 0.462478 0.406333 0.455500 0.410616 0.447253 0.413470
0 0.445984 0.350665 0.461844 0.348286 0.481510 0.343528 0.492929 0.340198 0.501811 0.330681 0.506886 0.321641 0.507520 0.309746 0.504348 0.301181 0.498004 0.293093 0.486585 0.284528 0.471360 0.277391 0.458037 0.271682 0.452962 0.269303 0.442177 0.269779 0.440909 0.277867 0.445984 0.277867 0.459306 0.282625 0.471994 0.289286 0.480876 0.295948 0.487220 0.304988 0.491026 0.314504 0.486585 0.326399 0.480241 0.334488 0.470725 0.340673 0.459941 0.342577 0.443446 0.344956
0 0.442812 0.338770 0.453597 0.335440 0.464381 0.329730 0.471360 0.323069 0.475166 0.312125 0.472629 0.304036 0.465016 0.297375 0.453597 0.291190 0.441542 0.287383 0.440909 0.296423 0.447253 0.298327 0.452962 0.303085 0.455500 0.311173 0.454230 0.322117 0.447253 0.327827 0.441542 0.328778
