0 0.405607 0.146019 0.414414 0.156101 0.427857 0.165140 0.433883 0.175222 0.437128 0.182870 0.436664 0.193301 0.430174 0.200949 0.415805 0.205121 0.402361 0.206859 0.399117 0.193301 0.409779 0.190519 0.413023 0.181132 0.413487 0.170702 0.409315 0.162706 0.401898 0.157144
0 0.404679 0.122030 0.423221 0.130721 0.449644 0.153667 0.466795 0.176265 0.475602 0.197125 0.473748 0.211727 0.460305 0.221809 0.441764 0.226328 0.424148 0.224938 0.406070 0.223547 0.427393 0.235020 0.445935 0.249622 0.462623 0.265614 0.477920 0.285431 0.480701 0.307334 0.472821 0.321240 0.454743 0.326107 0.435737 0.329236 0.427857 0.330975 0.449644 0.342448 0.476066 0.363307 0.489973 0.382777 0.499707 0.400855 0.500635 0.417543 0.494145 0.429364 0.479774 0.434926 0.461233 0.438751 0.443617 0.441879 0.434810 0.444313 0.438055 0.455438 0.452889 0.461348 0.472821 0.472473 0.492291 0.487771 0.504807 0.501677 0.514541 0.515931 0.520104 0.531577 0.520104 0.544440 0.513150 0.556956 0.495999 0.564952 0.481629 0.570514 0.469113 0.573296 0.463086 0.574339 0.484873 0.587898 0.499244 0.595546 0.517322 0.609452 0.525666 0.622316 0.533083 0.639352 0.536328 0.655692 0.533547 0.667165 0.526129 0.677942 0.518249 0.688720 0.506660 0.694283 0.493681 0.698802 0.482556 0.701236 0.483947 0.707494 0.502489 0.712709 0.521030 0.724181 0.536328 0.736002 0.546526 0.753038 0.556260 0.767987 0.557651 0.780851 0.555797 0.795800 0.546989 0.806577 0.535401 0.812835 0.521030 0.819441 0.508051 0.823613 0.509442 0.827090 0.525666 0.833348 0.540500 0.839953 0.551625 0.846559 0.568776 0.855598 0.581756 0.867419 0.589636 0.878196 0.595662 0.891407 0.599370 0.908790 0.596126 0.922001 0.586854 0.930346 0.571557 0.938341 0.559505 0.944948 0.540963 0.949467 0.538645 0.939037 0.559969 0.933127 0.569703 0.928955 0.577584 0.920611 0.579438 0.908443 0.579438 0.890364 0.572485 0.877501 0.561823 0.865333 0.547916 0.854207 0.536791 0.847949 0.525666 0.843430 0.516395 0.840301 0.505270 0.837172 0.499707 0.815964 0.510832 0.811793 0.520104 0.807620 0.530301 0.802753 0.538182 0.793714 0.539573 0.780502 0.539109 0.767291 0.534937 0.754080 0.527057 0.742607 0.514541 0.730787 0.504342 0.723486 0.487655 0.717576 0.477920 0.710275 0.470967 0.708536 0.466332 0.696369 0.478848 0.693240 0.493217 0.688372 0.503416 0.680376 0.511760 0.668556 0.514541 0.660907 0.516395 0.645262 0.514541 0.635875 0.508979 0.623359 0.502025 0.612234 0.489509 0.600414 0.476066 0.595546 0.464014 0.587898 0.453352 0.581988 0.446399 0.579901 0.444545 0.568081 0.457988 0.565995 0.480238 0.561475 0.490900 0.553827 0.498780 0.544788 0.500170 0.533315 0.498780 0.523232 0.492291 0.508283 0.484873 0.497853 0.478848 0.489857 0.464014 0.478384 0.449644 0.470735 0.437592 0.466564 0.434347 0.465520 0.433420 0.433188 0.446399 0.431449 0.456597 0.429364 0.470504 0.422410 0.477457 0.413371 0.479311 0.400855 0.475602 0.389035 0.470040 0.379648 0.462623 0.367827 0.451961 0.357049 0.442691 0.350444 0.433420 0.344534 0.423685 0.341752 0.419513 0.340362 0.418123 0.320545 0.426466 0.320545 0.441764 0.318459 0.451498 0.315678 0.457988 0.308725 0.461696 0.301076 0.461233 0.292036 0.458451 0.285779 0.455207 0.277087 0.451961 0.269091 0.443154 0.256923 0.432029 0.251012 0.419513 0.244059 0.410242 0.237454 0.403752 0.234325 0.401898 0.216594 0.414414 0.215551 0.430638 0.214856 0.440373 0.212422 0.450107 0.200949 0.451961 0.190867 0.450107 0.180090 0.445472 0.171746 0.437592 0.161663 0.428784 0.151581 0.417658 0.141151 0.408388 0.136284 0.402361 0.133502
0 0.407798 0.105657 0.384318 0.103803 0.379375 0.234483 0.399147 0.334579 0.415212 0.411504 0.425098 0.591306 0.455992 0.771107 0.522722 0.952762 0.543729 0.949982 0.522722 0.880471 0.483178 0.763693 0.476999 0.736815 0.455992 0.620037 0.439927 0.536624 0.438691 0.477308 0.436220 0.425407 0.428805 0.369798 0.417683 0.314190 0.407798 0.260434 0.405326 0.205752 0.406561 0.154778
0 0.427857 0.249274 0.441300 0.261790 0.452425 0.272915 0.456597 0.277783 0.458451 0.272220 0.451498 0.262138 0.443154 0.256227
0 0.405143 0.245102 0.418123 0.251360 0.428784 0.258314 0.437128 0.265962 0.443617 0.274654 0.449644 0.285083 0.452889 0.295165 0.451035 0.304205 0.445472 0.309072 0.437592 0.311854 0.426466 0.312896 0.414877 0.311506 0.412560 0.300728 0.416732 0.300033 0.425539 0.296209 0.429248 0.290646 0.430174 0.282998 0.427393 0.275696 0.421367 0.268396 0.411633 0.262485 0.406998 0.259009
0 0.424612 0.356007 0.434347 0.360178 0.446399 0.368870 0.451961 0.374780 0.457524 0.381038 0.463086 0.389035 0.465868 0.394945 0.466332 0.405027 0.460305 0.412328 0.451035 0.418238 0.443154 0.419977 0.433883 0.422062 0.432956 0.411633 0.438055 0.406765 0.442691 0.401898 0.445935 0.394597 0.444081 0.388340 0.440836 0.379995 0.435737 0.374085 0.426466 0.369565
0 0.437592 0.480470 0.445472 0.487771 0.457061 0.494028 0.467722 0.502373 0.477457 0.513498 0.481629 0.524971 0.483947 0.534705 0.480238 0.545135 0.475139 0.553131 0.462160 0.555913 0.452425 0.559737 0.443617 0.560780 0.444081 0.551741 0.453352 0.545483 0.459379 0.539920 0.464477 0.528795 0.463551 0.519756 0.456597 0.508978 0.450107 0.500286 0.443617 0.495419 0.437128 0.491248
0 0.462160 0.609452 0.470504 0.615710 0.482556 0.625098 0.490900 0.633789 0.495535 0.642828 0.497853 0.653954 0.495999 0.666817 0.487655 0.674814 0.479311 0.680376 0.469113 0.685938 0.463551 0.672727 0.470967 0.667165 0.477920 0.660907 0.482092 0.649086 0.477457 0.638309 0.470967 0.631008 0.464477 0.623359 0.454279 0.617101
0 0.453816 0.607367 0.463551 0.605628 0.467258 0.611191 0.459379 0.618492 0.451498 0.618144
0 0.471894 0.719314 0.486728 0.722096 0.498780 0.730787 0.508514 0.741217 0.518713 0.749909 0.526129 0.759295 0.530765 0.768335 0.532619 0.779112 0.530301 0.789194 0.518249 0.797538 0.507588 0.803101 0.496463 0.807273 0.494608 0.794409 0.501561 0.788499 0.510369 0.779807 0.513614 0.771464 0.509905 0.759295 0.502025 0.750604 0.495999 0.744693 0.486264 0.739478 0.476530 0.735654
0 0.510832 0.856641 0.523348 0.860465 0.534937 0.870200 0.545135 0.876457 0.552088 0.884802 0.559969 0.892450 0.562286 0.901837 0.559505 0.912267 0.553942 0.922001 0.549307 0.929998 0.546063 0.937646 0.535401 0.939037 0.531692 0.916439 0.537719 0.911919 0.540500 0.902532 0.538182 0.892450 0.531229 0.884106 0.523348 0.878196 0.516395 0.875415
