0 0.409444 0.949119 0.433849 0.869812 0.462960 0.735994 0.471412 0.640914 0.482681 0.500758 0.486437 0.419764 0.498645 0.293693 0.496767 0.241575 0.491133 0.144381 0.488315 0.097193 0.471412 0.036623 0.487376 0.033102 0.494889 0.052119 0.500523 0.081699 0.509442 0.148104 0.510832 0.162706 0.513614 0.200254 0.515004 0.270134 0.513614 0.323674 0.509442 0.390078 0.502025 0.462739 0.501561 0.521494 0.491827 0.619187 0.486728 0.689067 0.479774 0.740869 0.471560 0.796148 0.451165 0.874372 0.439112 0.927217 0.432159 0.965112 0.417325 0.964069 0.408981 0.955030
0 0.431231 0.964416 0.455800 0.962678 0.476659 0.959897 0.493347 0.955377 0.509108 0.945990 0.520233 0.934865 0.523942 0.926521 0.526723 0.914701 0.524405 0.905314 0.521624 0.895231 0.515598 0.887583 0.504472 0.876457 0.495665 0.870200 0.486394 0.862899 0.473878 0.853860 0.459044 0.846906 0.454872 0.855250 0.472024 0.862551 0.481759 0.871938 0.495665 0.883411 0.504009 0.891755 0.506790 0.902532 0.507718 0.912962 0.506327 0.922697 0.501691 0.933127 0.493811 0.941819 0.481759 0.949119 0.472024 0.953291 0.457654 0.956072 0.443747 0.956420 0.433549 0.955725
0 0.435403 0.945295 0.445138 0.942861 0.457190 0.939385 0.465998 0.933127 0.473878 0.925478 0.476659 0.914701 0.472024 0.903923 0.465534 0.892450 0.457190 0.884802 0.451165 0.877848 0.446993 0.891059 0.454872 0.899404 0.460435 0.908443 0.460435 0.918872 0.457654 0.926521 0.449310 0.932084 0.440966 0.936256 0.436331 0.936256
0 0.458118 0.847602 0.479441 0.842386 0.499837 0.834391 0.521624 0.826742 0.537384 0.817007 0.547119 0.804491 0.551755 0.792323 0.553609 0.778764 0.550827 0.763815 0.542947 0.752690 0.530431 0.741565 0.519306 0.732873 0.506790 0.728006 0.494274 0.718967 0.482686 0.714794 0.480368 0.724877 0.496592 0.730787 0.509108 0.739478 0.519770 0.745389 0.526723 0.754428 0.533677 0.764162 0.535067 0.775288 0.536921 0.787456 0.534603 0.797191 0.530431 0.806230 0.523015 0.813878 0.514671 0.819441 0.504936 0.823960 0.492421 0.827785 0.478977 0.831262 0.468315 0.834391 0.459972 0.836824
0 0.462753 0.824308 0.475733 0.819441 0.494274 0.814573 0.508181 0.808316 0.517915 0.797538 0.519770 0.783980 0.518843 0.772854 0.512353 0.763467 0.504009 0.754776 0.496128 0.747475 0.488249 0.743998 0.479905 0.739478 0.478977 0.748865 0.487784 0.753733 0.493347 0.763120 0.499374 0.771811 0.501228 0.781198 0.502155 0.789890 0.496128 0.798929 0.488712 0.804839 0.480831 0.809011 0.468779 0.813531 0.464143 0.815617
0 0.482222 0.719662 0.496592 0.717923 0.513280 0.712013 0.528577 0.707146 0.541556 0.700193 0.556390 0.688720 0.565661 0.676204 0.572151 0.665427 0.574933 0.652563 0.572151 0.637265 0.568906 0.626488 0.561953 0.616754 0.551755 0.608757 0.543411 0.601456 0.528577 0.593112 0.516525 0.587202 0.507253 0.581292 0.494738 0.578510 0.494274 0.588941 0.503081 0.588941 0.513743 0.594851 0.526259 0.601109 0.535994 0.607019 0.542947 0.613625 0.549437 0.620578 0.555463 0.630312 0.558244 0.641438 0.557781 0.649086 0.557781 0.657430 0.555927 0.665774 0.550827 0.674465 0.546656 0.680723 0.542947 0.687677 0.535994 0.692892 0.527650 0.698454 0.516988 0.704017 0.501691 0.709232 0.490566 0.711318 0.480831 0.711665
0 0.483149 0.704365 0.497519 0.698107 0.511889 0.688372 0.522551 0.681071 0.528577 0.670641 0.531358 0.657778 0.526723 0.647000 0.518843 0.635875 0.510035 0.627879 0.500764 0.622316 0.491493 0.620925 0.489639 0.627531 0.499837 0.630660 0.508181 0.637614 0.510962 0.647348 0.513280 0.658125 0.511889 0.666469 0.507718 0.676204 0.497983 0.685591 0.491493 0.689415 0.485467 0.690110
0 0.494274 0.585464 0.517452 0.580249 0.531822 0.575034 0.544802 0.569124 0.560562 0.562170 0.573078 0.555913 0.582812 0.548959 0.589765 0.539225 0.594402 0.528099 0.594865 0.517670 0.593474 0.505849 0.588375 0.497853 0.580958 0.489857 0.574005 0.482904 0.563343 0.474907 0.548509 0.467954 0.532749 0.461696 0.520233 0.456481 0.509108 0.453700 0.502155 0.452309 0.501228 0.461348 0.512816 0.463435 0.526259 0.467606 0.538775 0.472473 0.546656 0.478731 0.555463 0.485685 0.561953 0.493333 0.567515 0.499591 0.570760 0.507935 0.572151 0.516975 0.572614 0.526709 0.570296 0.535053 0.567052 0.541659 0.562880 0.548264 0.556390 0.555217 0.550364 0.558694 0.536458 0.563909 0.522551 0.569472 0.509571 0.574686 0.495202 0.577815
0 0.495202 0.568776 0.509571 0.564952 0.522087 0.559737 0.532749 0.553827 0.539702 0.545830 0.544802 0.538530 0.546656 0.530533 0.547119 0.520451 0.544802 0.511064 0.538775 0.503763 0.531358 0.498201 0.523942 0.492638 0.516525 0.489509 0.509571 0.487075 0.500300 0.485685 0.500300 0.491943 0.504936 0.492986 0.511426 0.496115 0.515134 0.499939 0.521160 0.504806 0.526259 0.511064 0.528114 0.516279 0.528577 0.524275 0.527650 0.529838 0.524868 0.536096 0.522087 0.542354 0.516988 0.548612 0.510499 0.553479 0.505399 0.557303 0.495665 0.559041
0 0.500300 0.442575 0.515598 0.435969 0.532286 0.428668 0.546192 0.422062 0.558244 0.414066 0.571224 0.407460 0.580031 0.399812 0.584667 0.393207 0.589765 0.383820 0.593011 0.374085 0.592547 0.363655 0.592547 0.356354 0.589765 0.345229 0.582812 0.336190 0.575396 0.328194 0.562416 0.318807 0.552218 0.313592 0.539702 0.307334 0.529505 0.303857 0.519306 0.301771 0.512353 0.300728 0.512353 0.308029 0.518843 0.309420 0.528114 0.313940 0.536921 0.317416 0.545265 0.322631 0.552681 0.327846 0.558708 0.333756 0.564271 0.339667 0.569370 0.346272 0.571224 0.352530 0.572614 0.359483 0.572614 0.368522 0.571687 0.378605 0.568906 0.386253 0.565661 0.394249 0.561026 0.399812 0.554072 0.406765 0.544337 0.411980 0.530895 0.419629 0.519306 0.424496 0.509108 0.428320 0.500764 0.430059
0 0.506790 0.413719 0.518843 0.408851 0.527187 0.403636 0.532749 0.398769 0.541556 0.391816 0.546192 0.386253 0.550827 0.377562 0.552681 0.368175 0.549437 0.360178 0.543874 0.353920 0.537848 0.348358 0.531822 0.343838 0.524405 0.340709 0.518379 0.338276 0.512816 0.336885 0.511426 0.345577 0.517452 0.346967 0.522087 0.349749 0.527187 0.354616 0.529968 0.358788 0.532749 0.367480 0.531822 0.375476 0.529968 0.382429 0.525796 0.389730 0.520233 0.395988 0.513743 0.400507 0.507718 0.403984
0 0.512816 0.301423 0.531358 0.294123 0.542947 0.288212 0.558708 0.281259 0.571687 0.273610 0.580031 0.267005 0.588839 0.260052 0.596255 0.249970 0.599964 0.240235 0.600891 0.230848 0.599500 0.220418 0.595792 0.212074 0.591156 0.204426 0.583740 0.198168 0.573542 0.193301 0.561489 0.185999 0.546656 0.180437 0.532286 0.177308 0.520233 0.174179 0.508644 0.171398 0.509108 0.179394 0.519306 0.181828 0.531358 0.186347 0.538312 0.188086 0.548509 0.192953 0.555927 0.197472 0.564271 0.202340 0.570760 0.208945 0.575859 0.218332 0.577714 0.229457 0.577714 0.238844 0.575396 0.248231 0.570760 0.256923 0.564734 0.264919 0.551291 0.275349 0.540630 0.281954 0.531822 0.286127 0.522087 0.289951 0.511426 0.293775
0 0.512816 0.280564 0.523942 0.276044 0.534140 0.270829 0.543411 0.265614 0.553145 0.259009 0.558708 0.249970 0.561026 0.241625 0.561026 0.231891 0.557317 0.222156 0.549900 0.214508 0.540630 0.208598 0.533212 0.205121 0.525796 0.203035 0.513743 0.201644 0.513743 0.208598 0.525333 0.212770 0.533677 0.219028 0.536458 0.226328 0.539239 0.231891 0.539239 0.240583 0.537848 0.248579 0.534140 0.255532 0.529968 0.261443 0.524405 0.266310 0.513280 0.270481
0 0.509108 0.170702 0.529040 0.164097 0.542484 0.157839 0.555927 0.150538 0.566588 0.144975 0.574933 0.139413 0.581422 0.132112 0.587912 0.123768 0.592083 0.114033 0.592547 0.106037 0.592547 0.097693 0.590230 0.086915 0.583740 0.078572 0.577250 0.072314 0.572614 0.068490 0.566124 0.063275 0.557781 0.059451 0.549437 0.055973 0.536921 0.052844 0.523478 0.049368 0.511426 0.047977 0.501691 0.048673 0.491956 0.049716 0.493811 0.056669 0.503546 0.057017 0.515134 0.059798 0.528577 0.062927 0.539239 0.067099 0.550827 0.071271 0.558244 0.076486 0.564271 0.083786 0.569833 0.092826 0.571224 0.102908 0.571224 0.113338 0.567979 0.123768 0.560562 0.133502 0.554536 0.141499 0.546192 0.148104 0.529505 0.156796 0.517915 0.161315 0.508181 0.163749
0 0.507253 0.148799 0.518843 0.144280 0.526723 0.136979 0.534140 0.129678 0.539702 0.123073 0.542947 0.115772 0.542484 0.105342 0.541093 0.097346 0.535994 0.089697 0.527650 0.085177 0.519306 0.081701 0.512353 0.079615 0.498910 0.077181 0.499374 0.085525 0.510962 0.088654 0.516525 0.093173 0.520697 0.098388 0.523478 0.105690 0.523478 0.112990 0.522551 0.119944 0.519770 0.127592 0.514671 0.134198 0.505863 0.140456
