0 0.416797 0.931424 0.424515 0.835909 0.429918 0.743287 0.427602 0.677873 0.426058 0.589883 0.429918 0.437636 0.429918 0.268602 0.438408 0.144142 0.463107 0.144721 0.456933 0.199136 0.455388 0.244868 0.451529 0.327648 0.451529 0.405798 0.453073 0.539520 0.450758 0.624616 0.455388 0.758917 0.451529 0.831856 0.438408 0.937213 0.425286 0.937792
0 0.439180 0.937213 0.500156 0.909427 0.444583 0.872378 0.444583 0.878746 0.443811 0.888008 0.472370 0.909427 0.440723 0.920425
0 0.458661 0.883015 0.502343 0.846854 0.466491 0.815947 0.452480 0.814093 0.451656 0.822747 0.477617 0.848399 0.445474 0.872816
0 0.468551 0.816256 0.507288 0.782567 0.468139 0.751351 0.455776 0.751042 0.454952 0.760314 0.479266 0.783804 0.450419 0.812856
0 0.468139 0.751969 0.510998 0.713027 0.469788 0.678410 0.453716 0.678101 0.453304 0.687065 0.466491 0.698500 0.485447 0.716427 0.454540 0.739915 0.455365 0.751042
0 0.468964 0.677483 0.511409 0.643486 0.506052 0.635141 0.470612 0.607943 0.450419 0.609488 0.450007 0.614742 0.483387 0.643177 0.453716 0.669138 0.453304 0.678720
0 0.468964 0.607015 0.510173 0.579199 0.468551 0.544274 0.451656 0.543346 0.451656 0.558182 0.475970 0.579817 0.450831 0.600525 0.450419 0.608251
0 0.471849 0.543656 0.519651 0.507804 0.468964 0.470715 0.452892 0.470406 0.452892 0.483078 0.489568 0.509967 0.452892 0.536547 0.453304 0.542728
0 0.469788 0.470406 0.522948 0.433936 0.474733 0.398701 0.451656 0.399010 0.451244 0.406428 0.489980 0.434863 0.452480 0.462679 0.452892 0.469478
0 0.473085 0.398393 0.501519 0.367176 0.520063 0.351723 0.460722 0.313398 0.450419 0.313089 0.450831 0.332251 0.487920 0.355122 0.452480 0.386957 0.452067 0.398083
0 0.460309 0.314943 0.522123 0.273837 0.478030 0.239839 0.455776 0.239530 0.454540 0.247875 0.489156 0.276619 0.452067 0.301962 0.451656 0.314016
0 0.477206 0.240766 0.527481 0.196569 0.502343 0.166280 0.463607 0.145881 0.461958 0.162262 0.496574 0.197496 0.468964 0.218822 0.453304 0.238294
