0 0.503850 0.848793 0.501154 0.793953 0.502988 0.762234 0.497842 0.653211 0.496738 0.553863 0.498140 0.520168 0.506864 0.481564 0.508608 0.442961 0.500757 0.390617 0.504247 0.324532 0.499012 0.245362 0.497267 0.195636 0.496959 0.154062 0.495667 0.117565 0.506864 0.116919 0.515908 0.119503 0.516338 0.138882 0.517630 0.163105 0.518061 0.176993 0.518492 0.197341 0.519353 0.216720 0.522367 0.249987 0.524520 0.280024 0.523228 0.313614 0.527965 0.349142 0.523659 0.390483 0.523228 0.420844 0.527104 0.441514 0.521937 0.495775 0.516338 0.537763 0.517199 0.593961 0.515908 0.642408 0.517630 0.687302 0.518061 0.720570 0.522798 0.755774 0.522367 0.780967 0.523228 0.808743 0.521937 0.833613 0.515908 0.858482
0 0.515477 0.859774 0.536578 0.850408 0.551293 0.838739 0.560733 0.828591 0.562621 0.815612 0.557272 0.800272 0.548562 0.793051 0.537373 0.785499 0.528421 0.780044 0.522826 0.777526 0.522826 0.788646 0.527302 0.790534 0.534016 0.796199 0.539891 0.803542 0.542408 0.811514 0.542688 0.818228 0.540730 0.826620 0.536254 0.833753 0.529820 0.839418 0.523945 0.843194 0.517791 0.845082 0.515553 0.859978
0 0.520029 0.737454 0.525624 0.729691 0.537093 0.725076 0.549401 0.718152 0.557793 0.712697 0.564507 0.700109 0.561150 0.687101 0.552199 0.676401 0.535974 0.665702 0.517232 0.657519 0.517511 0.666331 0.523945 0.670737 0.530379 0.676611 0.538212 0.685633 0.542128 0.698011 0.537653 0.709550 0.531498 0.713327 0.525064 0.718362 0.516952 0.721509
0 0.516952 0.622902 0.535974 0.612622 0.555276 0.601502 0.561430 0.594369 0.563948 0.582410 0.560871 0.571291 0.556954 0.564997 0.550520 0.559122 0.539891 0.552828 0.524225 0.543387 0.516113 0.543177 0.516392 0.550730 0.521148 0.550520 0.528421 0.557234 0.536254 0.565207 0.540170 0.570242 0.543807 0.574228 0.545485 0.582620 0.543807 0.591222 0.542128 0.596467 0.534016 0.601712 0.525064 0.605908 0.515553 0.610524 0.515553 0.623112
0 0.519962 0.503647 0.526764 0.500617 0.538031 0.497110 0.550148 0.492805 0.558651 0.489935 0.563540 0.487065 0.565241 0.481326 0.566941 0.476543 0.568217 0.467137 0.566091 0.461556 0.558651 0.452628 0.544621 0.441149 0.525701 0.431743 0.526126 0.443381 0.530165 0.446091 0.537180 0.450875 0.542282 0.456614 0.545046 0.459962 0.545471 0.468571 0.542920 0.482123 0.535480 0.488819 0.526339 0.492327 0.521450 0.494559
0 0.522938 0.399059 0.531866 0.395870 0.539731 0.392522 0.548447 0.390131 0.552698 0.385348 0.560564 0.379449 0.563540 0.376579 0.566303 0.370999 0.568004 0.361114 0.565241 0.349475 0.553974 0.339272 0.543770 0.331141 0.535055 0.323966 0.530165 0.321734 0.523327 0.321808 0.525007 0.334660 0.533354 0.339591 0.538881 0.343576 0.543770 0.348200 0.546321 0.353302 0.546746 0.358563 0.545896 0.363665 0.544408 0.369405 0.542708 0.374825 0.539306 0.380724 0.531228 0.387580 0.522938 0.391885
0 0.522655 0.295096 0.539287 0.290308 0.553063 0.284764 0.557935 0.278968 0.562975 0.266367 0.561631 0.254397 0.559783 0.246081 0.554407 0.239907 0.544663 0.232095 0.535423 0.226173 0.520135 0.220755 0.520471 0.228945 0.525343 0.232851 0.531559 0.237009 0.536263 0.242175 0.539959 0.246333 0.541471 0.254775 0.542647 0.260067 0.542479 0.265359 0.539287 0.272037 0.536263 0.276951 0.532399 0.280984 0.529039 0.284638 0.522151 0.285142
0 0.517447 0.196563 0.524839 0.195176 0.531391 0.194295 0.542143 0.192656 0.548359 0.190011 0.553903 0.184340 0.558943 0.178418 0.561631 0.170858 0.559951 0.164432 0.558271 0.159392 0.552055 0.153344 0.542143 0.148808 0.530383 0.144902 0.525007 0.142382 0.519631 0.139484 0.516439 0.139232 0.516943 0.151706 0.522655 0.152336 0.530383 0.154604 0.533911 0.156368 0.537271 0.158762 0.539287 0.162542 0.540463 0.165692 0.540127 0.172622 0.538447 0.178418 0.536095 0.185348 0.533239 0.187616 0.521647 0.192783 0.516943 0.193413
0 0.516613 0.119520 0.527964 0.119968 0.552607 0.123552 0.568140 0.127249 0.579342 0.132290 0.586212 0.138787 0.593829 0.146068 0.598309 0.154357 0.601147 0.159509 0.600102 0.169031 0.596816 0.180120 0.590692 0.189305 0.582478 0.196138 0.574562 0.199387 0.562913 0.202971 0.553503 0.205996 0.544393 0.206556 0.519003 0.204539 0.518555 0.197034 0.525724 0.201179 0.539315 0.203755 0.548575 0.202523 0.552458 0.200955 0.559179 0.197818 0.565601 0.194570 0.566049 0.193562 0.572770 0.184825 0.577549 0.177656 0.579342 0.166454 0.577400 0.161750 0.574711 0.155925 0.573218 0.150548 0.570082 0.146292 0.565302 0.143939 0.560224 0.140467 0.556939 0.138114 0.552159 0.135202 0.545737 0.133298 0.537373 0.131730 0.527516 0.129041 0.514821 0.128033 0.516314 0.119408 0.514672 0.119856
0 0.519152 0.208124 0.528412 0.211372 0.538120 0.214173 0.549770 0.217197 0.556341 0.220670 0.561569 0.226046 0.566348 0.230079 0.571276 0.234447 0.579043 0.242961 0.580984 0.248897 0.582627 0.253938 0.581134 0.262899 0.579491 0.270404 0.575458 0.277349 0.569036 0.284742 0.560523 0.292023 0.548425 0.295160 0.533789 0.297064 0.523334 0.296168 0.523334 0.304121 0.532743 0.305353 0.551412 0.300760 0.567393 0.297288 0.582478 0.291687 0.593530 0.283174 0.598459 0.277237 0.599654 0.270516 0.600699 0.265027 0.603537 0.259763 0.603686 0.253826 0.602192 0.248561 0.598758 0.239264 0.592186 0.233103 0.587556 0.228847 0.582179 0.224254 0.576653 0.218877 0.567991 0.214845 0.561120 0.211932 0.548276 0.206668 0.518555 0.203643
0 0.531698 0.304905 0.544990 0.311066 0.553055 0.314986 0.561120 0.319691 0.566348 0.323835 0.572322 0.329660 0.577699 0.334477 0.582179 0.341646 0.584270 0.347023 0.583374 0.353183 0.578744 0.367969 0.572770 0.374802 0.570679 0.382867 0.564556 0.387012 0.546782 0.396533 0.539315 0.398997 0.528412 0.401798 0.523782 0.402918 0.523185 0.407735 0.532444 0.406278 0.547679 0.403254 0.563361 0.399221 0.572023 0.395077 0.579043 0.391044 0.586361 0.387124 0.590543 0.383203 0.595173 0.376818 0.599355 0.370994 0.601296 0.365281 0.603985 0.360688 0.604881 0.354975 0.604881 0.349039 0.603686 0.342206 0.601744 0.336605 0.595920 0.328428 0.585913 0.320923 0.580238 0.316442 0.565302 0.308825 0.546633 0.301768
0 0.522737 0.411767 0.527217 0.414903 0.535581 0.419608 0.543795 0.423977 0.552010 0.428121 0.557387 0.432378 0.564854 0.437307 0.570679 0.442683 0.575010 0.447388 0.577848 0.453101 0.579342 0.458365 0.580835 0.464526 0.581731 0.469119 0.580387 0.475616 0.580088 0.480656 0.578893 0.486705 0.575757 0.490514 0.570828 0.495554 0.563659 0.502163 0.558133 0.506980 0.552308 0.510788 0.545289 0.513813 0.536776 0.518405 0.525724 0.519862 0.519750 0.518965 0.517658 0.524454 0.520347 0.526694 0.526172 0.529159 0.534536 0.528151 0.538120 0.524230 0.546036 0.522774 0.559328 0.518965 0.566796 0.514261 0.574114 0.509780 0.581432 0.506196 0.588303 0.500259 0.592634 0.494770 0.596368 0.489505 0.598160 0.483457 0.599952 0.478192 0.601595 0.472031 0.602192 0.460942 0.599504 0.453997 0.597413 0.447948 0.592037 0.441787 0.586660 0.437307 0.575159 0.427897 0.566796 0.423641 0.558432 0.419160 0.550367 0.414679 0.529009 0.406502 0.523334 0.406502
0 0.526919 0.528375 0.533042 0.530503 0.540958 0.532967 0.547231 0.536552 0.553951 0.541480 0.562614 0.546745 0.568290 0.551674 0.573218 0.557163 0.577699 0.562763 0.582777 0.572061 0.583972 0.577661 0.585465 0.584494 0.584569 0.590879 0.583225 0.596592 0.579790 0.600848 0.578595 0.603201 0.573517 0.609810 0.569634 0.613954 0.563361 0.616867 0.554400 0.621795 0.543049 0.626948 0.534536 0.629748 0.516613 0.631428 0.516165 0.639382 0.522587 0.639830 0.533789 0.637925 0.542750 0.634677 0.554400 0.632661 0.565601 0.627844 0.576653 0.621907 0.583972 0.617875 0.590543 0.613170 0.590543 0.611826 0.596368 0.606113 0.598758 0.599280 0.601744 0.593567 0.604284 0.587743 0.604433 0.580574 0.602491 0.573069 0.596667 0.562987 0.588751 0.551674 0.584868 0.545737 0.578147 0.540472 0.569932 0.535768 0.559627 0.532183 0.554250 0.528823 0.546633 0.526246 0.536178 0.526470
0 0.524081 0.639494 0.529009 0.643302 0.536029 0.647335 0.544542 0.651703 0.553055 0.656296 0.558283 0.661449 0.565004 0.667721 0.567692 0.673322 0.571575 0.679259 0.574861 0.686652 0.577251 0.692141 0.575907 0.696397 0.577101 0.702446 0.575907 0.708943 0.570380 0.717008 0.569186 0.723729 0.564854 0.726305 0.560224 0.730898 0.554698 0.733474 0.546633 0.737283 0.536776 0.742323 0.521243 0.742099 0.521841 0.750837 0.536626 0.749492 0.550218 0.747476 0.560523 0.744340 0.570679 0.740643 0.577848 0.734258 0.584420 0.730674 0.588452 0.725409 0.591589 0.721040 0.593829 0.716000 0.596965 0.705358 0.599206 0.694045 0.594874 0.680155 0.592335 0.673210 0.587108 0.667833 0.581582 0.661561 0.576355 0.655960 0.569783 0.651031 0.559627 0.645318 0.548724 0.640502 0.538717 0.637701 0.533789 0.636805
0 0.521990 0.762710 0.531100 0.761142 0.542601 0.764950 0.552458 0.769207 0.556341 0.771895 0.563361 0.776040 0.570231 0.781641 0.576803 0.787017 0.580387 0.791722 0.582030 0.798555 0.582627 0.803932 0.583673 0.810540 0.583075 0.815917 0.579192 0.820958 0.577997 0.828015 0.573367 0.829919 0.567841 0.834288 0.560224 0.839216 0.549023 0.840897 0.516912 0.859267 0.526769 0.858931 0.539315 0.855907 0.558133 0.852098 0.567542 0.848738 0.580686 0.843249 0.596667 0.831823 0.603836 0.819278 0.605926 0.807628 0.602790 0.794298 0.597115 0.786681 0.586510 0.776040 0.578595 0.770775 0.562315 0.762710 0.553802 0.759798 0.536477 0.752965 0.522139 0.749828
