0 0.462791 0.855781 0.462720 0.830175 0.459091 0.773696 0.452740 0.691359 0.452740 0.669584 0.450018 0.590649 0.449111 0.564111 0.458184 0.535531 0.457277 0.485856 0.453647 0.453194 0.453647 0.417809 0.454555 0.393993 0.448130 0.374345 0.448130 0.336575 0.446217 0.290679 0.444305 0.278726 0.450679 0.276814 0.462154 0.279205 0.462791 0.279205 0.463429 0.289244 0.463429 0.318408 0.465978 0.346615 0.469166 0.376735 0.469803 0.403030 0.474265 0.426934 0.471715 0.459445 0.473628 0.487174 0.475540 0.506775 0.473628 0.531636 0.469803 0.558887 0.469166 0.578011 0.469803 0.610521 0.471715 0.646856 0.471078 0.685581 0.472353 0.712832 0.476815 0.753470 0.480002 0.770203 0.481915 0.802235 0.478727 0.834745 0.476178 0.867733
0 0.473628 0.856737 0.487014 0.851478 0.497851 0.839526 0.501038 0.827096 0.500401 0.815144 0.492114 0.804625 0.483827 0.801757 0.481915 0.790283 0.490839 0.792195 0.508688 0.805104 0.520162 0.816100 0.522074 0.829964 0.516975 0.845263 0.502951 0.859606 0.492751 0.866777 0.475540 0.866777
0 0.476178 0.746299 0.488289 0.739127 0.502313 0.733390 0.513150 0.721916 0.515700 0.710442 0.511238 0.697533 0.496576 0.687972 0.485102 0.680800 0.472991 0.676497 0.471715 0.682713 0.477453 0.685581 0.483827 0.690840 0.491476 0.699446 0.494026 0.708529 0.495301 0.718091 0.488927 0.724306 0.481277 0.730522 0.471715 0.733390
0 0.469803 0.642075 0.482552 0.635860 0.492114 0.631557 0.502951 0.626776 0.511875 0.618170 0.511875 0.607174 0.508050 0.596178 0.497851 0.587573 0.486377 0.580879 0.477453 0.576099 0.470441 0.574664 0.469803 0.581836 0.476815 0.585660 0.485102 0.591875 0.494026 0.600481 0.496576 0.609565 0.494664 0.617214 0.487652 0.625342 0.480002 0.627254 0.472353 0.632035 0.467253 0.634425
0 0.469803 0.544066 0.484465 0.540242 0.501676 0.534026 0.511238 0.526855 0.511238 0.515859 0.504863 0.504863 0.493389 0.496736 0.478090 0.489086 0.472991 0.486696 0.472353 0.497214 0.482552 0.500560 0.490202 0.506775 0.494664 0.517293 0.489564 0.528768 0.483827 0.533070 0.469803 0.535939
0 0.472353 0.464225 0.484465 0.459923 0.497214 0.454186 0.506138 0.447492 0.508050 0.434584 0.502313 0.425978 0.490202 0.418329 0.480002 0.410201 0.469803 0.409723 0.471715 0.418329 0.480640 0.422632 0.490202 0.431237 0.490202 0.441755 0.484465 0.450839 0.477453 0.455620 0.471078 0.458010
0 0.468528 0.392034 0.481277 0.387731 0.494026 0.381516 0.499763 0.375779 0.501038 0.366695 0.497214 0.358089 0.486377 0.349484 0.474265 0.345181 0.464704 0.345659 0.463429 0.352830 0.476178 0.354743 0.483827 0.360480 0.485102 0.367651 0.481915 0.377213 0.476815 0.381516 0.467253 0.384862
0 0.463429 0.330838 0.477453 0.327013 0.490839 0.320799 0.495939 0.314105 0.496576 0.305022 0.487652 0.299762 0.480640 0.296894 0.469166 0.293069 0.461516 0.291635 0.460879 0.297372 0.469803 0.300719 0.476178 0.303587 0.480640 0.308846 0.480640 0.315539 0.477453 0.319842 0.471078 0.323189 0.463429 0.325579
0 0.458966 0.279683 0.484465 0.280639 0.505501 0.283986 0.520162 0.289723 0.527811 0.301675 0.527174 0.314583 0.517612 0.327492 0.492114 0.334185 0.475540 0.336097 0.461516 0.335619 0.462154 0.329882 0.483190 0.331795 0.492114 0.331795 0.499763 0.327013 0.509325 0.317452 0.510600 0.306456 0.506775 0.298328 0.499126 0.293069 0.484465 0.287332 0.468528 0.284942 0.458329 0.286854
0 0.469166 0.337053 0.487014 0.339444 0.501038 0.347093 0.513788 0.355699 0.516975 0.365739 0.515062 0.377691 0.508050 0.385341 0.499126 0.390600 0.486377 0.392990 0.474903 0.393468 0.469166 0.392990 0.467891 0.397293 0.478090 0.398727 0.486377 0.398249 0.505501 0.392990 0.520799 0.388209 0.529724 0.380082 0.531636 0.370998 0.532274 0.361436 0.525899 0.350918 0.512512 0.342790 0.501676 0.337532 0.489564 0.335141 0.473628 0.332751
0 0.470441 0.396815 0.493389 0.404464 0.509325 0.413548 0.518887 0.422153 0.522712 0.429325 0.520162 0.436974 0.516337 0.446058 0.513150 0.452273 0.505501 0.458966 0.490202 0.461835 0.476815 0.465182 0.472353 0.467094 0.472991 0.469484 0.484465 0.469484 0.499126 0.465660 0.518250 0.459923 0.531636 0.450839 0.538648 0.439843 0.537373 0.424544 0.531636 0.414982 0.516337 0.405420 0.501676 0.399205 0.492114 0.396337
0 0.468528 0.467572 0.491476 0.473787 0.514425 0.484305 0.532274 0.492911 0.539286 0.505341 0.541835 0.520640 0.538648 0.534026 0.529086 0.545501 0.510600 0.555063 0.497214 0.558887 0.488289 0.561278 0.471715 0.561278 0.472353 0.556497 0.488927 0.555541 0.501676 0.552194 0.513788 0.543110 0.523349 0.534505 0.527174 0.523030 0.525261 0.512513 0.520162 0.501995 0.511238 0.492433 0.500401 0.487174 0.490839 0.481915 0.480002 0.478090 0.467891 0.476178
0 0.468528 0.561756 0.488289 0.567015 0.506775 0.573708 0.518887 0.582314 0.527174 0.592832 0.531636 0.603828 0.534186 0.615302 0.530361 0.626298 0.523349 0.633947 0.515700 0.641119 0.503588 0.645900 0.493389 0.649246 0.473628 0.651159 0.473628 0.656418 0.483827 0.656896 0.510600 0.651637 0.528449 0.643031 0.538648 0.634904 0.545023 0.626298 0.549485 0.614346 0.548847 0.601437 0.530361 0.577533 0.516337 0.568927 0.488927 0.560322
0 0.469166 0.657374 0.494664 0.666458 0.511875 0.676497 0.525899 0.689884 0.529724 0.707095 0.529724 0.720482 0.525899 0.731478 0.517612 0.742952 0.504863 0.749167 0.491476 0.754426 0.481277 0.758251 0.474903 0.761119 0.476178 0.764466 0.487014 0.763032 0.505501 0.758251 0.521437 0.752514 0.541835 0.739127 0.546935 0.729087 0.550122 0.710920 0.548210 0.697533 0.536736 0.681756 0.525261 0.672195 0.508688 0.663589 0.494026 0.657852 0.485102 0.654983
0 0.474903 0.766378 0.492751 0.773072 0.513150 0.779287 0.532274 0.791239 0.539286 0.801279 0.543110 0.813709 0.543110 0.828052 0.536736 0.840482 0.525261 0.849088 0.512512 0.853391 0.506775 0.854347 0.497214 0.864387 0.516975 0.861518 0.536736 0.856259 0.553309 0.845263 0.562234 0.833789 0.564146 0.816100 0.559684 0.805104 0.553309 0.796020 0.541835 0.785502 0.517612 0.773550 0.502951 0.768291 0.483190 0.764466
